bert blyleven (old),"[-1.94796193e-02 -7.40628764e-02  1.57071166e-02  2.04030294e-02
 -8.63225386e-02  9.16134417e-02  2.75479015e-02 -4.86310236e-02
 -5.01145311e-02 -1.92624219e-02 -8.87890309e-02 -1.77152399e-02
  5.21065705e-02  2.93539278e-02  1.31536527e-02  6.50845766e-02
  3.11122276e-02  6.35512695e-02  2.98566669e-02 -1.50891962e-02
 -6.05939664e-02  6.05801195e-02 -4.46345061e-02 -2.72469153e-03
 -7.73820281e-03 -8.34524184e-02 -4.69169356e-02  4.92152348e-02
 -1.36099271e-02 -3.91874686e-02  2.34327484e-02  1.98912993e-02
 -3.08323391e-02  3.32583599e-02  2.56035943e-02 -1.48522137e-02
  9.26761329e-03  8.61051753e-02  7.16154799e-02 -4.29930538e-02
 -8.71637743e-03  2.52908729e-02  3.22365835e-02 -2.99651478e-03
  3.42633650e-02 -3.88833582e-02 -6.78269640e-02 -2.91739590e-02
  2.22009756e-02 -9.30568948e-02 -1.16239702e-02 -4.78429534e-03
 -8.59759375e-02 -3.09214685e-02 -4.19013463e-02  1.02603093e-01
 -7.09390035e-03  6.18330315e-02 -6.63963854e-02 -7.84806684e-02
  4.83051437e-04  5.04207909e-02 -3.34509350e-02  2.44258028e-02
  3.26649146e-03 -2.79542967e-03 -6.58513233e-02  1.12915821e-02
  5.23523949e-02 -3.63746323e-02  4.24825288e-02 -4.88860793e-02
 -4.73289788e-02  4.42359524e-05 -6.08242350e-04  2.83840206e-02
 -6.40506223e-02 -6.67145662e-03 -9.50534828e-03  1.25455009e-02
  8.70372877e-02 -2.94796899e-02  2.79592946e-02  2.28633638e-02
 -2.19151974e-02 -7.79521978e-03  2.64698174e-02 -4.70391884e-02
 -2.17626356e-02 -5.19687384e-02  4.77201790e-02 -1.59873627e-02
  1.24930022e-02 -2.68228780e-02  7.23790191e-03 -6.13799579e-02
  2.30262391e-02 -1.77384331e-03  7.37177720e-03 -1.75972432e-02
 -2.57267673e-02 -1.70389786e-02 -8.43810011e-03  2.63488572e-02
  2.29746886e-02 -1.70582868e-02 -1.53384618e-02 -1.31466566e-03
 -4.27636169e-02  3.86500470e-02  1.17117614e-02 -2.20664917e-03
 -6.58879578e-02 -5.84576912e-02  9.08163656e-03  3.99812050e-02
  3.01420279e-02 -2.05100682e-02  5.95777854e-02 -7.55437538e-02
 -4.46150601e-02  2.61805262e-02  2.47423053e-02  2.16271468e-02
  1.10198580e-01 -7.25199878e-02  4.19081897e-02  9.70331728e-02
 -3.18034552e-03 -3.91196385e-02  3.66700068e-02 -4.06001434e-02
  5.08605409e-03 -7.45110884e-02 -5.07817827e-02  5.62651604e-02
  5.30334823e-02  6.74250126e-02  4.99781268e-03  2.10827198e-02
 -7.57671380e-03  1.33997411e-01 -1.40270041e-02  5.15672751e-03
  7.75078461e-02  5.13922162e-02  6.11396283e-02 -1.08466893e-02
 -4.29374538e-03 -2.29849238e-02 -8.70950520e-02 -1.99798606e-02
  4.51657288e-02  7.11341500e-02  2.70698667e-02 -7.91497529e-02
 -7.09274132e-03 -5.75480908e-02  1.38147851e-03 -9.66607556e-02
  3.59668918e-02  4.62129246e-03 -9.10332575e-02  5.39893880e-02
  3.86490077e-02  1.14402745e-03  2.40049623e-02 -8.07716104e-04
  5.59209334e-03 -5.56004904e-02 -9.99645051e-03  3.36243473e-02
  2.77844388e-02  3.62656526e-02  4.66484167e-02 -3.23673040e-02
 -4.21690233e-02 -1.86320357e-02 -3.86719704e-02  4.38222326e-02
  1.85237790e-04  3.91469076e-02 -1.13790549e-01 -1.20487874e-02
 -4.59152553e-03  3.73304635e-02  6.53754249e-02 -4.08351719e-02
  9.10126939e-02  1.85441654e-02  1.07321054e-01  8.16464424e-02
 -4.58108261e-02 -3.07161617e-03  3.11863460e-02  6.50705723e-03
 -2.10714974e-02 -1.22085838e-02 -1.41192530e-03 -1.11720455e-03
  1.51975621e-02 -6.28538206e-02  5.54476716e-02  1.19750677e-02
  3.23421247e-02 -5.08469902e-02  3.29201929e-02 -1.60872303e-02
 -1.62479859e-02 -3.72117497e-02  1.97219942e-02  4.92716115e-03
  3.05219255e-02  4.72309217e-02  2.08808500e-02 -4.44919504e-02
  1.52427945e-02 -3.00287642e-02  2.04759184e-02  5.54862134e-02
  6.11496381e-02  3.14534009e-02 -2.31320336e-02 -4.03261930e-02
  1.67956352e-02  1.95802730e-02  4.50296625e-02 -1.07160537e-02
 -1.44582754e-02 -1.17887752e-02 -2.74967663e-02  5.46121853e-04
 -6.86894432e-02  3.23930532e-02  5.64271286e-02 -3.53314988e-02
 -4.71592993e-02 -4.39266413e-02  7.14516267e-02  3.27748507e-02
 -6.98566251e-03 -2.64591053e-02  1.25618288e-02 -2.11316720e-02
  3.92156094e-02 -3.28615145e-03  1.45003833e-02  1.29214125e-02
 -1.03475256e-02 -6.19444400e-02  2.82366667e-02 -9.55798291e-03
 -8.78937319e-02  5.60382679e-02  7.14456066e-02  1.27624646e-02
 -7.29583763e-03  5.51537909e-02  1.48507208e-02 -5.39236367e-02
 -7.30121369e-03 -7.66419014e-03  5.46917878e-02 -2.58833505e-02
 -2.24304255e-02  1.49742393e-02  1.70138031e-02 -3.50056440e-02
 -3.95690836e-02 -4.30447375e-03  1.54517489e-02 -1.88124478e-02
 -2.05500051e-02  3.93391438e-02  5.54785654e-02 -7.91682005e-02
  3.26972827e-02  3.65392826e-02  7.86390901e-03  8.05934705e-03
  2.50342209e-02  4.07157093e-02 -1.35292178e-02 -2.24972330e-02
  1.77930295e-02  1.82236843e-02  1.89792495e-02  4.47221138e-02
  5.18023595e-02  4.88597639e-02 -4.50911857e-02  1.90182794e-02
 -2.03918181e-02 -5.93056791e-02 -2.89290976e-02 -1.39324740e-02
  4.77343276e-02  1.81854181e-02  3.72223719e-03 -5.82772531e-02
  1.04328189e-02 -5.49151003e-02 -3.16479616e-02  2.23862249e-02
  8.69836882e-02  3.79805756e-03 -1.71022862e-02  4.19820063e-02
 -2.69000535e-03 -7.77343735e-02 -3.67973484e-02  9.34421048e-02
  4.51151915e-02  2.47380715e-02 -6.87290952e-02  6.80980384e-02
 -5.99730238e-02 -6.43592402e-02  5.62673397e-02 -8.84838328e-02
  9.59072355e-03  1.71999000e-02  5.78505965e-03  6.84751710e-03
 -6.07008636e-02 -3.30429636e-02 -7.57815391e-02 -8.77461769e-03
  9.84792784e-02 -1.92309096e-02 -1.72467176e-02 -1.86139550e-02
 -1.03646126e-02 -1.58504732e-02  9.25321877e-03 -2.99622919e-02
 -1.25629350e-03  7.57136615e-03 -2.05471702e-02 -2.53120810e-02
  1.18429372e-02 -1.58563834e-02 -2.82005779e-02 -1.72699280e-02
 -5.43682314e-02  7.84071442e-03 -3.91113795e-02 -1.22396257e-02
  4.55285683e-02 -2.35187523e-02 -5.38021252e-02 -2.17930395e-02
 -2.98782624e-02 -1.21903261e-02  7.73670897e-03  1.30291758e-02
  5.60870431e-02  1.22309439e-02  5.92483999e-03 -2.25107241e-02
 -3.76237147e-02  3.95044312e-02  2.66306903e-02 -7.06184730e-02
  6.02103258e-03 -4.19764705e-02  2.95948591e-02 -4.96531650e-02
 -5.65264151e-02  3.19684297e-02 -1.67807136e-02 -2.21952144e-02
 -6.94596469e-02 -7.77891874e-02  1.99727751e-02 -5.96811809e-02
  1.53430132e-02 -6.19838014e-02  3.80545817e-02  2.19233874e-02
 -2.57392135e-02 -3.27410139e-02  8.71635377e-02  5.92030725e-03
  2.28608195e-02 -1.46457739e-02  4.97629419e-02 -2.17181537e-03
  6.51371898e-03 -7.08598495e-02 -4.91352752e-03 -8.78076479e-02
 -2.39446741e-02 -1.13778688e-01 -3.06402110e-02 -2.43473519e-02
 -1.49460003e-01  6.95055276e-02 -7.10366806e-03  3.26794684e-02
  1.15264736e-01 -2.35675890e-02  1.64415333e-02  1.64953377e-02
  5.55658014e-04 -6.04686560e-03 -2.09670179e-02 -5.66868037e-02
 -5.39568737e-02 -3.69678475e-02 -2.28911787e-02  2.22586039e-02
 -5.39969020e-02 -4.61187176e-02 -6.17163032e-02  9.52537730e-03
 -8.19019005e-02  1.67627744e-02 -7.07264766e-02  1.32932244e-02
  1.71639733e-02 -3.85643058e-02 -8.59832764e-03 -5.22340275e-02
 -2.30554957e-02  5.86650260e-02 -1.08183194e-02 -4.27560396e-02
  3.74665670e-02  8.97173062e-02  3.65094990e-02  5.07667346e-06
  9.94919911e-02 -1.44085037e-02  5.38296923e-02 -5.18448986e-02
  4.51952107e-02 -3.47976685e-02 -3.01747192e-02 -1.00630131e-02
 -2.05371045e-02 -6.04111440e-02  8.86609685e-03  3.16970311e-02
 -7.31570572e-02 -4.54287939e-02  4.38845605e-02 -9.17446148e-03
  3.19859828e-03  5.48812076e-02  2.40022596e-02  4.91580404e-02
 -1.16485199e-02  1.07624028e-02 -3.42471786e-02  1.99752077e-02
 -4.04513925e-02 -2.55795699e-02 -4.56767268e-02  6.25416562e-02
 -4.57826406e-02  3.66054624e-02  2.30526272e-02  8.34778920e-02
  1.33864395e-02  2.16213111e-02  5.16594313e-02  1.83853542e-03
  2.67152246e-02 -1.05984192e-02  6.13719299e-02 -5.13918921e-02
  4.28908281e-02  1.07290715e-01  4.62105274e-02  9.32723731e-02
 -9.03627742e-03  3.92373698e-03  6.06989115e-02 -2.32274104e-02
  1.34015391e-02  2.63395216e-02 -4.90906797e-02  2.26820651e-02
  2.66605313e-03 -2.83286534e-02 -1.33147566e-02 -4.42552902e-02
  2.40794867e-02 -6.10781880e-03  2.97139324e-02 -2.37072841e-03
 -3.26445289e-02 -1.89278610e-02  2.92542297e-02 -3.56920175e-02
  3.23785134e-02 -8.77528116e-02  6.78775385e-02 -3.80774178e-02
  5.42217642e-02  6.47061621e-04  7.75520280e-02  4.36720364e-02
  9.44596604e-02 -1.99887529e-02  9.56443250e-02 -1.77717078e-02
  7.16364458e-02 -3.06801032e-02 -1.38142118e-02  3.81686501e-02]"